module,action,startPosition,moveCount,intervalTime
主軸系統,啟動加速,0,10,50
主軸系統,恆速運轉,10,80,40
主軸系統,減速停止,90,10,50
進料機構,物料檢測,5,5,100
進料機構,夾取動作,10,8,120
進料機構,移送物料,18,30,80
進料機構,放置物料,48,8,120
進料機構,返回原點,56,30,80
加工單元,定位夾緊,20,10,150
加工單元,主軸下降,30,5,200
加工單元,加工進給,35,20,100
加工單元,主軸上升,55,5,200
加工單元,鬆開工件,60,10,150
檢測系統,啟動相機,40,5,50
檢測系統,影像擷取,45,10,80
檢測系統,影像分析,55,15,60
檢測系統,結果判定,70,5,100
輸出機構,接收信號,75,5,80
輸出機構,分類動作,80,10,100
輸出機構,良品輸送,90,20,60
輸出機構,不良品排出,90,15,80